Это повторяется еще дважды. Таким образом, на бумагу наносится 100 букв текста. Решетку можно изобра

жать квадратной матрицей порядка 10 из нулей и единиц (нуль изображает прорезь).

0 0 0 0 0 0 0 0 0 0
0 0 0 0 0 1 0 0 1 0
1 0 1 0 0 0 0 0 0 1
0 1 1 0 0 1 0 0 0 1
1 0 0 0 1 0 0 0 0 1
0 1 0 1 0 0 0 1 0 0
0 1 0 1 0 0 0 0 0 1
0 0 0 0 0 1 1 0 0 0
1 0 1 0 0 0 0 1 0 0
0 1 0 0 0 0 0 0 0 1

0 0 0 0 0 0 0 0 0 0
0 0 0 0 0 1 0 0 1 0
1 0 1 0 0 0 0 0 0 1
0 1 0 0 0 1 0 0 0 1
1 0 0 0 1 0 0 0 0 1
0 1 0 1 0 0 0 1 0 0
0 1 0 1 0 0 0 0 0 1
0 0 0 0 0 1 1 0 0 0
1 0 1 0 0 0 0 1 0 0
0 1 0 0 0 0 0 0 0 1